G0 #0
Let:
  T1 = {:type :ok, :f :txn, :value [[:append 9 25] [:append 7 8] [:r 9 [1 3 4 2 5 6 7 9 8 10 11 12 13 14 15 17 16 19 20 22 21 23 24 9 1 3 4 2 5 6 7 9 8 10 11 12 13 14 15 17 16 19 20 22 21 23 25 9 1 3 4 2 5 6 7 9 8 10 11 12 13 14 15 17 18 19 20 22 21 23 24 9 1 3 4 2 5 6 7 9 8 10 11 12 13 14 15 17 18 19 20 22 21 23 25]] [:r 8 [1 2 3 4 5 7 8 9 10 11 12]]], :time 1005008358, :process 0, :index 76}
  T2 = {:type :ok, :f :txn, :value [[:append 9 17] [:r 7 [1 2 3 4]] [:append 9 18]], :time 895710914, :process 0, :index 58}
  T3 = {:type :ok, :f :txn, :value [[:append 7 4] [:r 6 [1 2]] [:append 9 16]], :time 893021778, :process 1, :index 56}
  T4 = {:type :ok, :f :txn, :value [[:append 7 5] [:r 9 [1 3 4 2 5 6 7 9 8 10 11 12 13 14 15 17 16 9 1 3 4 2 5 6 7 9 8 10 11 12 13 14 15 17 18]] [:r 9 [1 3 4 2 5 6 7 9 8 10 11 12 13 14 15 17 16 9 1 3 4 2 5 6 7 9 8 10 11 12 13 14 15 17 18]] [:append 9 20]], :time 929621533, :process 0, :index 62}
  T5 = {:type :ok, :f :txn, :value [[:append 9 22] [:append 7 6] [:r 9 [1 3 4 2 5 6 7 9 8 10 11 12 13 14 15 17 16 19 20 22 21 9 1 3 4 2 5 6 7 9 8 10 11 12 13 14 15 17 18 19 20 22 21]] [:r 7 [1 2 3 4 5 6]]], :time 954811382, :process 0, :index 66}
  T6 = {:type :ok, :f :txn, :value [[:r 9 [1 3 4 2 5 6 7 9 8 10 11 12 13 14 15 17 16 19 20 22 21 23 9 1 3 4 2 5 6 7 9 8 10 11 12 13 14 15 17 18 19 20 22 21 23]] [:append 8 12] [:append 9 24] [:append 7 7]], :time 994071948, :process 1, :index 72}
  T7 = {:type :ok, :f :txn, :value [[:r 8 [1 2 3 4 5 7 8 9 10 11 12]] [:r 9 [1 3 4 2 5 6 7 9 8 10 11 12 13 14 15 17 16 19 20 22 21 23 24 26 27 28 29 31 30 32 33 34 35 9 1 3 4 2 5 6 7 9 8 10 11 12 13 14 15 17 16 19 20 22 21 23 25 26 27 28 29 31 30 32 33 34 35 9 1 3 4 2 5 6 7 9 8 10 11 12 13 14 15 17 18 19 20 22 21 23 24 26 27 28 29 31 30 32 33 34 35 9 1 3 4 2 5 6 7 9 8 10 11 12 13 14 15 17 18 19 20 22 21 23 25 26 27 28 29 31 30 32 33 34 35]] [:append 8 13] [:append 8 14]], :time 1129542912, :process 0, :index 94}
  T8 = {:type :ok, :f :txn, :value [[:append 8 15] [:r 9 [1 3 4 2 5 6 7 9 8 10 11 12 13 14 15 17 16 19 20 22 21 23 24 26 27 28 29 31 30 32 33 34 35 9 1 3 4 2 5 6 7 9 8 10 11 12 13 14 15 17 16 19 20 22 21 23 25 26 27 28 29 31 30 32 33 34 35 9 1 3 4 2 5 6 7 9 8 10 11 12 13 14 15 17 18 19 20 22 21 23 24 26 27 28 29 31 30 32 33 34 35 9 1 3 4 2 5 6 7 9 8 10 11 12 13 14 15 17 18 19 20 22 21 23 25 26 27 28 29 31 30 32 33 34 35]] [:r 9 [1 3 4 2 5 6 7 9 8 10 11 12 13 14 15 17 16 19 20 22 21 23 24 26 27 28 29 31 30 32 33 34 35 9 1 3 4 2 5 6 7 9 8 10 11 12 13 14 15 17 16 19 20 22 21 23 25 26 27 28 29 31 30 32 33 34 35 9 1 3 4 2 5 6 7 9 8 10 11 12 13 14 15 17 18 19 20 22 21 23 24 26 27 28 29 31 30 32 33 34 35 9 1 3 4 2 5 6 7 9 8 10 11 12 13 14 15 17 18 19 20 22 21 23 25 26 27 28 29 31 30 32 33 34 35]] [:r 9 [1 3 4 2 5 6 7 9 8 10 11 12 13 14 15 17 16 19 20 22 21 23 24 26 27 28 29 31 30 32 33 34 35 9 1 3 4 2 5 6 7 9 8 10 11 12 13 14 15 17 16 19 20 22 21 23 25 26 27 28 29 31 30 32 33 34 35 9 1 3 4 2 5 6 7 9 8 10 11 12 13 14 15 17 18 19 20 22 21 23 24 26 27 28 29 31 30 32 33 34 35 9 1 3 4 2 5 6 7 9 8 10 11 12 13 14 15 17 18 19 20 22 21 23 25 26 27 28 29 31 30 32 33 34 35]]], :time 1163061486, :process 1, :index 100}
  T9 = {:type :ok, :f :txn, :value [[:r 9 [1 3 4 2 5 6 7 9 8 10 11 12 13 14 15 17 16 19 20 22 21 23 24 26 27 28 29 31 30 32 33 34 35 9 1 3 4 2 5 6 7 9 8 10 11 12 13 14 15 17 16 19 20 22 21 23 25 26 27 28 29 31 30 32 33 34 35 9 1 3 4 2 5 6 7 9 8 10 11 12 13 14 15 17 18 19 20 22 21 23 24 26 27 28 29 31 30 32 33 34 35 9 1 3 4 2 5 6 7 9 8 10 11 12 13 14 15 17 18 19 20 22 21 23 25 26 27 28 29 31 30 32 33 34 35]] [:r 7 [1 2 3 4 5 6 7 9 10 11 7 1 2 3 4 5 6 8 9 10 11]] [:append 8 16] [:append 7 12]], :time 1169462304, :process 0, :index 102}
  T10 = {:type :ok, :f :txn, :value [[:append 7 14] [:append 8 17] [:r 9 [1 3 4 2 5 6 7 9 8 10 11 12 13 14 15 17 16 19 20 22 21 23 24 26 27 28 29 31 30 32 33 34 35 36 37 38 40 41 42 43 9 1 3 4 2 5 6 7 9 8 10 11 12 13 14 15 17 16 19 20 22 21 23 24 26 27 28 29 31 30 32 33 34 35 36 37 39 40 41 42 43 9 1 3 4 2 5 6 7 9 8 10 11 12 13 14 15 17 16 19 20 22 21 23 25 26 27 28 29 31 30 32 33 34 35 36 37 38 40 41 42 43 9 1 3 4 2 5 6 7 9 8 10 11 12 13 14 15 17 16 19 20 22 21 23 25 26 27 28 29 31 30 32 33 34 35 36 37 39 40 41 42 43 9 1 3 4 2 5 6 7 9 8 10 11 12 13 14 15 17 18 19 20 22 21 23 24 26 27 28 29 31 30 32 33 34 35 36 37 38 40 41 42 43 9 1 3 4 2 5 6 7 9 8 10 11 12 13 14 15 17 18 19 20 22 21 23 24 26 27 28 29 31 30 32 33 34 35 36 37 39 40 41 42 43 9 1 3 4 2 5 6 7 9 8 10 11 12 13 14 15 17 18 19 20 22 21 23 25 26 27 28 29 31 30 32 33 34 35 36 37 38 40 41 42 43 9 1 3 4 2 5 6 7 9 8 10 11 12 13 14 15 17 18 19 20 22 21 23 25 26 27 28 29 31 30 32 33 34 35 36 37 39 40 41 42 43]]], :time 1379445811, :process 0, :index 140}
  T11 = {:type :ok, :f :txn, :value [[:r 7 [1 2 3 4 5 6 7 9 10 11 12 13 14 7 1 2 3 4 5 6 8 9 10 11 12 13 14]] [:append 7 15] [:append 8 27] [:append 9 49]], :time 1591647122, :process 1, :index 176}
  T12 = {:type :ok, :f :txn, :value [[:r 9 [1 3 4 2 5 6 7 9 8 10 11 12 13 14 15 17 16 19 20 22 21 23 24 26 27 28 29 31 30 32 33 34 35 36 37 38 40 41 42 43 44 45 46 48 49 9 1 3 4 2 5 6 7 9 8 10 11 12 13 14 15 17 16 19 20 22 21 23 24 26 27 28 29 31 30 32 33 34 35 36 37 38 40 41 42 43 44 45 47 48 49 9 1 3 4 2 5 6 7 9 8 10 11 12 13 14 15 17 16 19 20 22 21 23 24 26 27 28 29 31 30 32 33 34 35 36 37 39 40 41 42 43 44 45 46 48 49 9 1 3 4 2 5 6 7 9 8 10 11 12 13 14 15 17 16 19 20 22 21 23 24 26 27 28 29 31 30 32 33 34 35 36 37 39 40 41 42 43 44 45 47 48 49 9 1 3 4 2 5 6 7 9 8 10 11 12 13 14 15 17 16 19 20 22 21 23 25 26 27 28 29 31 30 32 33 34 35 36 37 38 40 41 42 43 44 45 46 48 49 9 1 3 4 2 5 6 7 9 8 10 11 12 13 14 15 17 16 19 20 22 21 23 25 26 27 28 29 31 30 32 33 34 35 36 37 38 40 41 42 43 44 45 47 48 49 9 1 3 4 2 5 6 7 9 8 10 11 12 13 14 15 17 16 19 20 22 21 23 25 26 27 28 29 31 30 32 33 34 35 36 37 39 40 41 42 43 44 45 46 48 49 9 1 3 4 2 5 6 7 9 8 10 11 12 13 14 15 17 16 19 20 22 21 23 25 26 27 28 29 31 30 32 33 34 35 36 37 39 40 41 42 43 44 45 47 48 49 9 1 3 4 2 5 6 7 9 8 10 11 12 13 14 15 17 18 19 20 22 21 23 24 26 27 28 29 31 30 32 33 34 35 36 37 38 40 41 42 43 44 45 46 48 49 9 1 3 4 2 5 6 7 9 8 10 11 12 13 14 15 17 18 19 20 22 21 23 24 26 27 28 29 31 30 32 33 34 35 36 37 38 40 41 42 43 44 45 47 48 49 9 1 3 4 2 5 6 7 9 8 10 11 12 13 14 15 17 18 19 20 22 21 23 24 26 27 28 29 31 30 32 33 34 35 36 37 39 40 41 42 43 44 45 46 48 49 9 1 3 4 2 5 6 7 9 8 10 11 12 13 14 15 17 18 19 20 22 21 23 24 26 27 28 29 31 30 32 33 34 35 36 37 39 40 41 42 43 44 45 47 48 49 9 1 3 4 2 5 6 7 9 8 10 11 12 13 14 15 17 18 19 20 22 21 23 25 26 27 28 29 31 30 32 33 34 35 36 37 38 40 41 42 43 44 45 46 48 49 9 1 3 4 2 5 6 7 9 8 10 11 12 13 14 15 17 18 19 20 22 21 23 25 26 27 28 29 31 30 32 33 34 35 36 37 38 40 41 42 43 44 45 47 48 49 9 1 3 4 2 5 6 7 9 8 10 11 12 13 14 15 17 18 19 20 22 21 23 25 26 27 28 29 31 30 32 33 34 35 36 37 39 40 41 42 43 44 45 46 48 49 9 1 3 4 2 5 6 7 9 8 10 11 12 13 14 15 17 18 19 20 22 21 23 25 26 27 28 29 31 30 32 33 34 35 36 37 39 40 41 42 43 44 45 47 48 49]] [:append 9 50]], :time 1611022694, :process 0, :index 182}
  T13 = {:type :ok, :f :txn, :value [[:append 9 51] [:r 8 [1 2 3 4 5 7 8 9 10 11 12 13 14 15 16 17 18 21 20 23 24 25 26 28 27 8 1 2 3 4 5 7 8 9 10 11 12 13 14 15 16 17 18 21 22 23 24 25 26 28 27 8 1 2 3 4 5 7 8 9 10 11 12 13 14 15 16 17 19 21 20 23 24 25 26 28 27 8 1 2 3 4 5 7 8 9 10 11 12 13 14 15 16 17 19 21 22 23 24 25 26 28 27]] [:append 9 52] [:append 6 9]], :time 1643770596, :process 1, :index 188}
  T14 = {:type :ok, :f :txn, :value [[:r 0 []] [:append 8 19] [:append 9 47]], :time 1458247757, :process 0, :index 156}
  T15 = {:type :ok, :f :txn, :value [[:append 9 39]], :time 1226589721, :process 0, :index 116}

Then:
  - T1 < T2, because T2 appended 18 after T1 appended 25 to 9.
  - T2 < T3, because T3 appended 16 after T2 appended 17 to 9.
  - T3 < T4, because T4 appended 5 after T3 appended 4 to 7.
  - T4 < T5, because T5 appended 22 after T4 appended 20 to 9.
  - T5 < T6, because T6 appended 7 after T5 appended 6 to 7.
  - T6 < T7, because T7 appended 13 after T6 appended 12 to 8.
  - T7 < T8, because T8 appended 15 after T7 appended 14 to 8.
  - T8 < T9, because T9 appended 16 after T8 appended 15 to 8.
  - T9 < T10, because T10 appended 17 after T9 appended 16 to 8.
  - T10 < T11, because T11 appended 15 after T10 appended 14 to 7.
  - T11 < T12, because T12 appended 50 after T11 appended 49 to 9.
  - T12 < T13, because T13 appended 52 after T12 appended 50 to 9.
  - T13 < T14, because T14 appended 47 after T13 appended 51 to 9.
  - T14 < T15, because T15 appended 39 after T14 appended 47 to 9.
  - However, T15 < T1, because T1 appended 25 after T15 appended 39 to 9: a contradiction!


G0 #1
Let:
  T1 = {:type :ok, :f :txn, :value [[:r 9 [1 3 4 2 5 6 7]] [:append 8 8] [:append 9 8]], :time 804481812, :process 1, :index 34}
  T2 = {:type :ok, :f :txn, :value [[:r 9 [1 3 4 2 5 6 7]] [:append 9 9] [:append 9 10] [:r 8 [1 2 3 4 5 7 8]]], :time 813955905, :process 0, :index 36}

Then:
  - T1 < T2, because T2 appended 10 after T1 appended 8 to 9.
  - However, T2 < T1, because T1 appended 8 after T2 appended 9 to 9: a contradiction!


G0 #2
Let:
  T1 = {:type :ok, :f :txn, :value [[:r 9 [1 3 4 2 5 6 7]] [:append 8 8] [:append 9 8]], :time 804481812, :process 1, :index 34}
  T2 = {:type :ok, :f :txn, :value [[:r 9 [1 3 4 2 5 6 7]] [:append 9 9] [:append 9 10] [:r 8 [1 2 3 4 5 7 8]]], :time 813955905, :process 0, :index 36}

Then:
  - T1 < T2, because T2 appended 10 after T1 appended 8 to 9.
  - However, T2 < T1, because T1 appended 8 after T2 appended 9 to 9: a contradiction!


G0 #3
Let:
  T1 = {:type :ok, :f :txn, :value [[:r 9 [1 3 4 2 5 6 7]] [:append 9 9] [:append 9 10] [:r 8 [1 2 3 4 5 7 8]]], :time 813955905, :process 0, :index 36}
  T2 = {:type :ok, :f :txn, :value [[:r 9 [1 3 4 2 5 6 7]] [:append 8 8] [:append 9 8]], :time 804481812, :process 1, :index 34}

Then:
  - T1 < T2, because T2 appended 8 after T1 appended 9 to 9.
  - However, T2 < T1, because T1 appended 10 after T2 appended 8 to 9: a contradiction!