G-single #0
Let:
  T1 = {:type :ok, :f :txn, :value [[:r 9 [1 2 3]] [:append 9 5] [:r 9 [1 2 3 4 5]]], :time 803709636, :process 1, :index 14}
  T2 = {:type :ok, :f :txn, :value [[:r 7 [1]] [:r 8 [1 2]] [:append 9 4]], :time 786016866, :process 0, :index 12}

Then:
  - T1 < T2, because T1 did not observe T2's append of 4 to 9.
  - However, T2 < T1, because T1 appended 5 after T2 appended 4 to 9: a contradiction!


G-single #1
Let:
  T1 = {:type :ok, :f :txn, :value [[:r 6 [1 2 3 4 5 6 7 8 9 10 11 12 13]] [:append 8 39]], :time 2545495279, :process 1, :index 250}
  T2 = {:type :ok, :f :txn, :value [[:r 9 [1 2 3 4 5 6 7 8 9 10 11 12 14 15 16 17 18 19 20 22 23 24 25 26 27 28 29 30 31 32 33 34 35 36 37 38 39 40 41 42 43 44 45 46 47 48 49 50 51 52 53 54 55 57 56 58 59 60 62 63 64 66 65 67 69 70 71 72 73 76 77 9 1 2 3 4 5 6 7 8 9 10 11 12 14 15 16 17 18 19 20 22 23 24 25 26 27 28 29 30 31 32 33 34 35 36 37 38 39 40 41 42 43 44 45 46 47 48 49 50 51 52 53 54 55 57 56 58 59 60 62 63 64 66 65 67 69 70 71 72 73 74 77 9 1 2 3 4 5 6 7 8 9 10 11 12 14 15 16 17 18 19 20 22 23 24 25 26 27 28 29 30 31 32 33 34 35 36 37 38 39 40 41 42 43 44 45 46 47 48 49 50 51 52 53 54 55 57 56 58 59 60 62 63 64 66 65 67 69 70 71 72 75 76 77 9 1 2 3 4 5 6 7 8 9 10 11 12 14 15 16 17 18 19 20 22 23 24 25 26 27 28 29 30 31 32 33 34 35 36 37 38 39 40 41 42 43 44 45 46 47 48 49 50 51 52 53 54 55 57 56 58 59 60 62 63 64 66 65 67 69 70 71 72 75 74 77 9 1 2 3 4 5 6 7 8 9 10 11 12 14 15 16 17 18 19 20 22 23 24 25 26 27 28 29 30 31 32 33 34 35 36 37 38 39 40 41 42 43 44 45 46 47 48 49 50 51 52 53 54 55 57 56 58 59 60 62 63 64 66 65 68 69 70 71 72 73 76 77 9 1 2 3 4 5 6 7 8 9 10 11 12 14 15 16 17 18 19 20 22 23 24 25 26 27 28 29 30 31 32 33 34 35 36 37 38 39 40 41 42 43 44 45 46 47 48 49 50 51 52 53 54 55 57 56 58 59 60 62 63 64 66 65 68 69 70 71 72 73 74 77 9 1 2 3 4 5 6 7 8 9 10 11 12 14 15 16 17 18 19 20 22 23 24 25 26 27 28 29 30 31 32 33 34 35 36 37 38 39 40 41 42 43 44 45 46 47 48 49 50 51 52 53 54 55 57 56 58 59 60 62 63 64 66 65 68 69 70 71 72 75 76 77 9 1 2 3 4 5 6 7 8 9 10 11 12 14 15 16 17 18 19 20 22 23 24 25 26 27 28 29 30 31 32 33 34 35 36 37 38 39 40 41 42 43 44 45 46 47 48 49 50 51 52 53 54 55 57 56 58 59 60 62 63 64 66 65 68 69 70 71 72 75 74 77 9 1 2 3 4 5 6 7 8 9 10 11 12 13 15 16 17 18 19 21 22 23 24 25 26 27 28 29 30 31 32 33 34 35 36 37 38 39 40 41 42 43 44 45 46 47 48 49 50 51 52 53 54 55 57 56 58 59 60 62 63 64 66 65 67 69 70 71 72 73 76 77 9 1 2 3 4 5 6 7 8 9 10 11 12 13 15 16 17 18 19 21 22 23 24 25 26 27 28 29 30 31 32 33 34 35 36 37 38 39 40 41 42 43 44 45 46 47 48 49 50 51 52 53 54 55 57 56 58 59 60 62 63 64 66 65 67 69 70 71 72 73 74 77 9 1 2 3 4 5 6 7 8 9 10 11 12 13 15 16 17 18 19 21 22 23 24 25 26 27 28 29 30 31 32 33 34 35 36 37 38 39 40 41 42 43 44 45 46 47 48 49 50 51 52 53 54 55 57 56 58 59 60 62 63 64 66 65 67 69 70 71 72 75 76 77 9 1 2 3 4 5 6 7 8 9 10 11 12 13 15 16 17 18 19 21 22 23 24 25 26 27 28 29 30 31 32 33 34 35 36 37 38 39 40 41 42 43 44 45 46 47 48 49 50 51 52 53 54 55 57 56 58 59 60 62 63 64 66 65 67 69 70 71 72 75 74 77 9 1 2 3 4 5 6 7 8 9 10 11 12 13 15 16 17 18 19 21 22 23 24 25 26 27 28 29 30 31 32 33 34 35 36 37 38 39 40 41 42 43 44 45 46 47 48 49 50 51 52 53 54 55 57 56 58 59 60 62 63 64 66 65 68 69 70 71 72 73 76 77 9 1 2 3 4 5 6 7 8 9 10 11 12 13 15 16 17 18 19 21 22 23 24 25 26 27 28 29 30 31 32 33 34 35 36 37 38 39 40 41 42 43 44 45 46 47 48 49 50 51 52 53 54 55 57 56 58 59 60 62 63 64 66 65 68 69 70 71 72 73 74 77 9 1 2 3 4 5 6 7 8 9 10 11 12 13 15 16 17 18 19 21 22 23 24 25 26 27 28 29 30 31 32 33 34 35 36 37 38 39 40 41 42 43 44 45 46 47 48 49 50 51 52 53 54 55 57 56 58 59 60 62 63 64 66 65 68 69 70 71 72 75 76 77 9 1 2 3 4 5 6 7 8 9 10 11 12 13 15 16 17 18 19 21 22 23 24 25 26 27 28 29 30 31 32 33 34 35 36 37 38 39 40 41 42 43 44 45 46 47 48 49 50 51 52 53 54 55 57 56 58 59 60 62 63 64 66 65 68 69 70 71 72 75 74 77 9 1 2 3 4 5 6 7 8 9 10 11 12 13 15 16 17 18 19 20 22 23 24 25 26 27 28 29 30 31 32 33 34 35 36 37 38 39 40 41 42 43 44 45 46 47 48 49 50 51 52 53 54 55 57 56 58 59 60 62 63 64 66 65 67 69 70 71 72 73 76 77 9 1 2 3 4 5 6 7 8 9 10 11 12 13 15 16 17 18 19 20 22 23 24 25 26 27 28 29 30 31 32 33 34 35 36 37 38 39 40 41 42 43 44 45 46 47 48 49 50 51 52 53 54 55 57 56 58 59 60 62 63 64 66 65 67 69 70 71 72 73 74 77 9 1 2 3 4 5 6 7 8 9 10 11 12 13 15 16 17 18 19 20 22 23 24 25 26 27 28 29 30 31 32 33 34 35 36 37 38 39 40 41 42 43 44 45 46 47 48 49 50 51 52 53 54 55 57 56 58 59 60 62 63 64 66 65 67 69 70 71 72 75 76 77 9 1 2 3 4 5 6 7 8 9 10 11 12 13 15 16 17 18 19 20 22 23 24 25 26 27 28 29 30 31 32 33 34 35 36 37 38 39 40 41 42 43 44 45 46 47 48 49 50 51 52 53 54 55 57 56 58 59 60 62 63 64 66 65 67 69 70 71 72 75 74 77 9 1 2 3 4 5 6 7 8 9 10 11 12 13 15 16 17 18 19 20 22 23 24 25 26 27 28 29 30 31 32 33 34 35 36 37 38 39 40 41 42 43 44 45 46 47 48 49 50 51 52 53 54 55 57 56 58 59 60 62 63 64 66 65 68 69 70 71 72 73 76 77 9 1 2 3 4 5 6 7 8 9 10 11 12 13 15 16 17 18 19 20 22 23 24 25 26 27 28 29 30 31 32 33 34 35 36 37 38 39 40 41 42 43 44 45 46 47 48 49 50 51 52 53 54 55 57 56 58 59 60 62 63 64 66 65 68 69 70 71 72 73 74 77 9 1 2 3 4 5 6 7 8 9 10 11 12 13 15 16 17 18 19 20 22 23 24 25 26 27 28 29 30 31 32 33 34 35 36 37 38 39 40 41 42 43 44 45 46 47 48 49 50 51 52 53 54 55 57 56 58 59 60 62 63 64 66 65 68 69 70 71 72 75 76 77 9 1 2 3 4 5 6 7 8 9 10 11 12 13 15 16 17 18 19 20 22 23 24 25 26 27 28 29 30 31 32 33 34 35 36 37 38 39 40 41 42 43 44 45 46 47 48 49 50 51 52 53 54 55 57 56 58 59 60 62 63 64 66 65 68 69 70 71 72 75 74 77]] [:append 9 78] [:append 6 14] [:append 8 40]], :time 2784421938, :process 1, :index 256}
  T3 = {:type :ok, :f :txn, :value [[:r 8 [1 2 3 4 5 6 7 8 9 10 11 12 13 14 15 16 17 18 19 20 22 23 24 25 26 27 28 29 30 31 32 33 34 35 36 37 39 38 40 8 1 2 3 4 5 6 7 8 9 10 11 12 13 14 15 16 17 18 19 21 22 23 24 25 26 27 28 29 30 31 32 33 34 35 36 37 39 38 40]] [:r 6 [1 2 3 4 5 6 7 8 9 10 11 12 13 14]] [:r 9 [1 2 3 4 5 6 7 8 9 10 11 12 14 15 16 17 18 19 20 22 23 24 25 26 27 28 29 30 31 32 33 34 35 36 37 38 39 40 41 42 43 44 45 46 47 48 49 50 51 52 53 54 55 57 56 58 59 60 62 63 64 66 65 67 69 70 71 72 73 76 77 78 9 1 2 3 4 5 6 7 8 9 10 11 12 14 15 16 17 18 19 20 22 23 24 25 26 27 28 29 30 31 32 33 34 35 36 37 38 39 40 41 42 43 44 45 46 47 48 49 50 51 52 53 54 55 57 56 58 59 60 62 63 64 66 65 67 69 70 71 72 73 74 77 78 9 1 2 3 4 5 6 7 8 9 10 11 12 14 15 16 17 18 19 20 22 23 24 25 26 27 28 29 30 31 32 33 34 35 36 37 38 39 40 41 42 43 44 45 46 47 48 49 50 51 52 53 54 55 57 56 58 59 60 62 63 64 66 65 67 69 70 71 72 75 76 77 78 9 1 2 3 4 5 6 7 8 9 10 11 12 14 15 16 17 18 19 20 22 23 24 25 26 27 28 29 30 31 32 33 34 35 36 37 38 39 40 41 42 43 44 45 46 47 48 49 50 51 52 53 54 55 57 56 58 59 60 62 63 64 66 65 67 69 70 71 72 75 74 77 78 9 1 2 3 4 5 6 7 8 9 10 11 12 14 15 16 17 18 19 20 22 23 24 25 26 27 28 29 30 31 32 33 34 35 36 37 38 39 40 41 42 43 44 45 46 47 48 49 50 51 52 53 54 55 57 56 58 59 60 62 63 64 66 65 68 69 70 71 72 73 76 77 78 9 1 2 3 4 5 6 7 8 9 10 11 12 14 15 16 17 18 19 20 22 23 24 25 26 27 28 29 30 31 32 33 34 35 36 37 38 39 40 41 42 43 44 45 46 47 48 49 50 51 52 53 54 55 57 56 58 59 60 62 63 64 66 65 68 69 70 71 72 73 74 77 78 9 1 2 3 4 5 6 7 8 9 10 11 12 14 15 16 17 18 19 20 22 23 24 25 26 27 28 29 30 31 32 33 34 35 36 37 38 39 40 41 42 43 44 45 46 47 48 49 50 51 52 53 54 55 57 56 58 59 60 62 63 64 66 65 68 69 70 71 72 75 76 77 78 9 1 2 3 4 5 6 7 8 9 10 11 12 14 15 16 17 18 19 20 22 23 24 25 26 27 28 29 30 31 32 33 34 35 36 37 38 39 40 41 42 43 44 45 46 47 48 49 50 51 52 53 54 55 57 56 58 59 60 62 63 64 66 65 68 69 70 71 72 75 74 77 78 9 1 2 3 4 5 6 7 8 9 10 11 12 13 15 16 17 18 19 21 22 23 24 25 26 27 28 29 30 31 32 33 34 35 36 37 38 39 40 41 42 43 44 45 46 47 48 49 50 51 52 53 54 55 57 56 58 59 60 62 63 64 66 65 67 69 70 71 72 73 76 77 78 9 1 2 3 4 5 6 7 8 9 10 11 12 13 15 16 17 18 19 21 22 23 24 25 26 27 28 29 30 31 32 33 34 35 36 37 38 39 40 41 42 43 44 45 46 47 48 49 50 51 52 53 54 55 57 56 58 59 60 62 63 64 66 65 67 69 70 71 72 73 74 77 78 9 1 2 3 4 5 6 7 8 9 10 11 12 13 15 16 17 18 19 21 22 23 24 25 26 27 28 29 30 31 32 33 34 35 36 37 38 39 40 41 42 43 44 45 46 47 48 49 50 51 52 53 54 55 57 56 58 59 60 62 63 64 66 65 67 69 70 71 72 75 76 77 78 9 1 2 3 4 5 6 7 8 9 10 11 12 13 15 16 17 18 19 21 22 23 24 25 26 27 28 29 30 31 32 33 34 35 36 37 38 39 40 41 42 43 44 45 46 47 48 49 50 51 52 53 54 55 57 56 58 59 60 62 63 64 66 65 67 69 70 71 72 75 74 77 78 9 1 2 3 4 5 6 7 8 9 10 11 12 13 15 16 17 18 19 21 22 23 24 25 26 27 28 29 30 31 32 33 34 35 36 37 38 39 40 41 42 43 44 45 46 47 48 49 50 51 52 53 54 55 57 56 58 59 60 62 63 64 66 65 68 69 70 71 72 73 76 77 78 9 1 2 3 4 5 6 7 8 9 10 11 12 13 15 16 17 18 19 21 22 23 24 25 26 27 28 29 30 31 32 33 34 35 36 37 38 39 40 41 42 43 44 45 46 47 48 49 50 51 52 53 54 55 57 56 58 59 60 62 63 64 66 65 68 69 70 71 72 73 74 77 78 9 1 2 3 4 5 6 7 8 9 10 11 12 13 15 16 17 18 19 21 22 23 24 25 26 27 28 29 30 31 32 33 34 35 36 37 38 39 40 41 42 43 44 45 46 47 48 49 50 51 52 53 54 55 57 56 58 59 60 62 63 64 66 65 68 69 70 71 72 75 76 77 78 9 1 2 3 4 5 6 7 8 9 10 11 12 13 15 16 17 18 19 21 22 23 24 25 26 27 28 29 30 31 32 33 34 35 36 37 38 39 40 41 42 43 44 45 46 47 48 49 50 51 52 53 54 55 57 56 58 59 60 62 63 64 66 65 68 69 70 71 72 75 74 77 78 9 1 2 3 4 5 6 7 8 9 10 11 12 13 15 16 17 18 19 20 22 23 24 25 26 27 28 29 30 31 32 33 34 35 36 37 38 39 40 41 42 43 44 45 46 47 48 49 50 51 52 53 54 55 57 56 58 59 60 62 63 64 66 65 67 69 70 71 72 73 76 77 78 9 1 2 3 4 5 6 7 8 9 10 11 12 13 15 16 17 18 19 20 22 23 24 25 26 27 28 29 30 31 32 33 34 35 36 37 38 39 40 41 42 43 44 45 46 47 48 49 50 51 52 53 54 55 57 56 58 59 60 62 63 64 66 65 67 69 70 71 72 73 74 77 78 9 1 2 3 4 5 6 7 8 9 10 11 12 13 15 16 17 18 19 20 22 23 24 25 26 27 28 29 30 31 32 33 34 35 36 37 38 39 40 41 42 43 44 45 46 47 48 49 50 51 52 53 54 55 57 56 58 59 60 62 63 64 66 65 67 69 70 71 72 75 76 77 78 9 1 2 3 4 5 6 7 8 9 10 11 12 13 15 16 17 18 19 20 22 23 24 25 26 27 28 29 30 31 32 33 34 35 36 37 38 39 40 41 42 43 44 45 46 47 48 49 50 51 52 53 54 55 57 56 58 59 60 62 63 64 66 65 67 69 70 71 72 75 74 77 78 9 1 2 3 4 5 6 7 8 9 10 11 12 13 15 16 17 18 19 20 22 23 24 25 26 27 28 29 30 31 32 33 34 35 36 37 38 39 40 41 42 43 44 45 46 47 48 49 50 51 52 53 54 55 57 56 58 59 60 62 63 64 66 65 68 69 70 71 72 73 76 77 78 9 1 2 3 4 5 6 7 8 9 10 11 12 13 15 16 17 18 19 20 22 23 24 25 26 27 28 29 30 31 32 33 34 35 36 37 38 39 40 41 42 43 44 45 46 47 48 49 50 51 52 53 54 55 57 56 58 59 60 62 63 64 66 65 68 69 70 71 72 73 74 77 78 9 1 2 3 4 5 6 7 8 9 10 11 12 13 15 16 17 18 19 20 22 23 24 25 26 27 28 29 30 31 32 33 34 35 36 37 38 39 40 41 42 43 44 45 46 47 48 49 50 51 52 53 54 55 57 56 58 59 60 62 63 64 66 65 68 69 70 71 72 75 76 77 78 9 1 2 3 4 5 6 7 8 9 10 11 12 13 15 16 17 18 19 20 22 23 24 25 26 27 28 29 30 31 32 33 34 35 36 37 38 39 40 41 42 43 44 45 46 47 48 49 50 51 52 53 54 55 57 56 58 59 60 62 63 64 66 65 68 69 70 71 72 75 74 77 78]] [:append 9 80]], :time 2862799608, :process 0, :index 266}
  T4 = {:type :ok, :f :txn, :value [[:append 9 73] [:append 9 74] [:r 1 []] [:r 9 [1 2 3 4 5 6 7 8 9 10 11 12 14 15 16 17 18 19 20 22 23 24 25 26 27 28 29 30 31 32 33 34 35 36 37 38 39 40 41 42 43 44 45 46 47 48 49 50 51 52 53 54 55 57 56 58 59 60 62 63 64 66 65 67 69 70 71 72 73 76 9 1 2 3 4 5 6 7 8 9 10 11 12 14 15 16 17 18 19 20 22 23 24 25 26 27 28 29 30 31 32 33 34 35 36 37 38 39 40 41 42 43 44 45 46 47 48 49 50 51 52 53 54 55 57 56 58 59 60 62 63 64 66 65 67 69 70 71 72 73 74 9 1 2 3 4 5 6 7 8 9 10 11 12 14 15 16 17 18 19 20 22 23 24 25 26 27 28 29 30 31 32 33 34 35 36 37 38 39 40 41 42 43 44 45 46 47 48 49 50 51 52 53 54 55 57 56 58 59 60 62 63 64 66 65 67 69 70 71 72 75 76 9 1 2 3 4 5 6 7 8 9 10 11 12 14 15 16 17 18 19 20 22 23 24 25 26 27 28 29 30 31 32 33 34 35 36 37 38 39 40 41 42 43 44 45 46 47 48 49 50 51 52 53 54 55 57 56 58 59 60 62 63 64 66 65 67 69 70 71 72 75 74 9 1 2 3 4 5 6 7 8 9 10 11 12 14 15 16 17 18 19 20 22 23 24 25 26 27 28 29 30 31 32 33 34 35 36 37 38 39 40 41 42 43 44 45 46 47 48 49 50 51 52 53 54 55 57 56 58 59 60 62 63 64 66 65 68 69 70 71 72 73 76 9 1 2 3 4 5 6 7 8 9 10 11 12 14 15 16 17 18 19 20 22 23 24 25 26 27 28 29 30 31 32 33 34 35 36 37 38 39 40 41 42 43 44 45 46 47 48 49 50 51 52 53 54 55 57 56 58 59 60 62 63 64 66 65 68 69 70 71 72 73 74 9 1 2 3 4 5 6 7 8 9 10 11 12 14 15 16 17 18 19 20 22 23 24 25 26 27 28 29 30 31 32 33 34 35 36 37 38 39 40 41 42 43 44 45 46 47 48 49 50 51 52 53 54 55 57 56 58 59 60 62 63 64 66 65 68 69 70 71 72 75 76 9 1 2 3 4 5 6 7 8 9 10 11 12 14 15 16 17 18 19 20 22 23 24 25 26 27 28 29 30 31 32 33 34 35 36 37 38 39 40 41 42 43 44 45 46 47 48 49 50 51 52 53 54 55 57 56 58 59 60 62 63 64 66 65 68 69 70 71 72 75 74 9 1 2 3 4 5 6 7 8 9 10 11 12 13 15 16 17 18 19 21 22 23 24 25 26 27 28 29 30 31 32 33 34 35 36 37 38 39 40 41 42 43 44 45 46 47 48 49 50 51 52 53 54 55 57 56 58 59 60 62 63 64 66 65 67 69 70 71 72 73 76 9 1 2 3 4 5 6 7 8 9 10 11 12 13 15 16 17 18 19 21 22 23 24 25 26 27 28 29 30 31 32 33 34 35 36 37 38 39 40 41 42 43 44 45 46 47 48 49 50 51 52 53 54 55 57 56 58 59 60 62 63 64 66 65 67 69 70 71 72 73 74 9 1 2 3 4 5 6 7 8 9 10 11 12 13 15 16 17 18 19 21 22 23 24 25 26 27 28 29 30 31 32 33 34 35 36 37 38 39 40 41 42 43 44 45 46 47 48 49 50 51 52 53 54 55 57 56 58 59 60 62 63 64 66 65 67 69 70 71 72 75 76 9 1 2 3 4 5 6 7 8 9 10 11 12 13 15 16 17 18 19 21 22 23 24 25 26 27 28 29 30 31 32 33 34 35 36 37 38 39 40 41 42 43 44 45 46 47 48 49 50 51 52 53 54 55 57 56 58 59 60 62 63 64 66 65 67 69 70 71 72 75 74 9 1 2 3 4 5 6 7 8 9 10 11 12 13 15 16 17 18 19 21 22 23 24 25 26 27 28 29 30 31 32 33 34 35 36 37 38 39 40 41 42 43 44 45 46 47 48 49 50 51 52 53 54 55 57 56 58 59 60 62 63 64 66 65 68 69 70 71 72 73 76 9 1 2 3 4 5 6 7 8 9 10 11 12 13 15 16 17 18 19 21 22 23 24 25 26 27 28 29 30 31 32 33 34 35 36 37 38 39 40 41 42 43 44 45 46 47 48 49 50 51 52 53 54 55 57 56 58 59 60 62 63 64 66 65 68 69 70 71 72 73 74 9 1 2 3 4 5 6 7 8 9 10 11 12 13 15 16 17 18 19 21 22 23 24 25 26 27 28 29 30 31 32 33 34 35 36 37 38 39 40 41 42 43 44 45 46 47 48 49 50 51 52 53 54 55 57 56 58 59 60 62 63 64 66 65 68 69 70 71 72 75 76 9 1 2 3 4 5 6 7 8 9 10 11 12 13 15 16 17 18 19 21 22 23 24 25 26 27 28 29 30 31 32 33 34 35 36 37 38 39 40 41 42 43 44 45 46 47 48 49 50 51 52 53 54 55 57 56 58 59 60 62 63 64 66 65 68 69 70 71 72 75 74 9 1 2 3 4 5 6 7 8 9 10 11 12 13 15 16 17 18 19 20 22 23 24 25 26 27 28 29 30 31 32 33 34 35 36 37 38 39 40 41 42 43 44 45 46 47 48 49 50 51 52 53 54 55 57 56 58 59 60 62 63 64 66 65 67 69 70 71 72 73 76 9 1 2 3 4 5 6 7 8 9 10 11 12 13 15 16 17 18 19 20 22 23 24 25 26 27 28 29 30 31 32 33 34 35 36 37 38 39 40 41 42 43 44 45 46 47 48 49 50 51 52 53 54 55 57 56 58 59 60 62 63 64 66 65 67 69 70 71 72 73 74 9 1 2 3 4 5 6 7 8 9 10 11 12 13 15 16 17 18 19 20 22 23 24 25 26 27 28 29 30 31 32 33 34 35 36 37 38 39 40 41 42 43 44 45 46 47 48 49 50 51 52 53 54 55 57 56 58 59 60 62 63 64 66 65 67 69 70 71 72 75 76 9 1 2 3 4 5 6 7 8 9 10 11 12 13 15 16 17 18 19 20 22 23 24 25 26 27 28 29 30 31 32 33 34 35 36 37 38 39 40 41 42 43 44 45 46 47 48 49 50 51 52 53 54 55 57 56 58 59 60 62 63 64 66 65 67 69 70 71 72 75 74 9 1 2 3 4 5 6 7 8 9 10 11 12 13 15 16 17 18 19 20 22 23 24 25 26 27 28 29 30 31 32 33 34 35 36 37 38 39 40 41 42 43 44 45 46 47 48 49 50 51 52 53 54 55 57 56 58 59 60 62 63 64 66 65 68 69 70 71 72 73 76 9 1 2 3 4 5 6 7 8 9 10 11 12 13 15 16 17 18 19 20 22 23 24 25 26 27 28 29 30 31 32 33 34 35 36 37 38 39 40 41 42 43 44 45 46 47 48 49 50 51 52 53 54 55 57 56 58 59 60 62 63 64 66 65 68 69 70 71 72 73 74 9 1 2 3 4 5 6 7 8 9 10 11 12 13 15 16 17 18 19 20 22 23 24 25 26 27 28 29 30 31 32 33 34 35 36 37 38 39 40 41 42 43 44 45 46 47 48 49 50 51 52 53 54 55 57 56 58 59 60 62 63 64 66 65 68 69 70 71 72 75 76 9 1 2 3 4 5 6 7 8 9 10 11 12 13 15 16 17 18 19 20 22 23 24 25 26 27 28 29 30 31 32 33 34 35 36 37 38 39 40 41 42 43 44 45 46 47 48 49 50 51 52 53 54 55 57 56 58 59 60 62 63 64 66 65 68 69 70 71 72 75 74]]], :time 2456150701, :process 0, :index 246}
  T5 = {:type :ok, :f :txn, :value [[:r 7 [1 2 3 4 5 6 7 8 9 10 11 12 13 14 15 16 17 18 19]] [:append 9 75] [:append 9 76] [:append 9 77]], :time 2490318536, :process 1, :index 248}
  T6 = {:type :ok, :f :txn, :value [[:r 7 [1 2 3 4 5 6 7 8 9 10 11 12 13 14 15 16 17 18]] [:append 9 68] [:append 9 69]], :time 2298274120, :process 1, :index 236}
  T7 = {:type :ok, :f :txn, :value [[:r 9 [1 2 3 4 5 6 7 8 9 10 11 12]] [:append 9 13] [:r 9 [1 2 3 4 5 6 7 8 9 10 11 12 14 9 1 2 3 4 5 6 7 8 9 10 11 12 13]]], :time 1081128892, :process 1, :index 60}
  T8 = {:type :ok, :f :txn, :value [[:r 9 [1 2 3 4 5 6 7 8 9 10 11 12 14 15 16 17 18 19 9 1 2 3 4 5 6 7 8 9 10 11 12 13 15 16 17 18 19]] [:append 9 21] [:append 9 22] [:append 4 1]], :time 1245062800, :process 0, :index 88}
  T9 = {:type :ok, :f :txn, :value [[:r 8 [1 2 3 4 5 6 7 8 9 10 11 12 13 14 15 16 17 18 19 20 22 23 24 25 26 27 28 29 8 1 2 3 4 5 6 7 8 9 10 11 12 13 14 15 16 17 18 19 21 22 23 24 25 26 27 28 29]] [:r 4 [1]] [:r 8 [1 2 3 4 5 6 7 8 9 10 11 12 13 14 15 16 17 18 19 20 22 23 24 25 26 27 28 29 8 1 2 3 4 5 6 7 8 9 10 11 12 13 14 15 16 17 18 19 21 22 23 24 25 26 27 28 29]] [:append 6 11]], :time 1743912073, :process 0, :index 152}
  T10 = {:type :ok, :f :txn, :value [[:append 6 12] [:r 9 [1 2 3 4 5 6 7 8 9 10 11 12 14 15 16 17 18 19 21 22 23 24 25 26 27 28 29 30 31 32 33 34 35 36 37 38 39 40 41 42 43 44 45 9 1 2 3 4 5 6 7 8 9 10 11 12 14 15 16 17 18 19 20 22 23 24 25 26 27 28 29 30 31 32 33 34 35 36 37 38 39 40 41 42 43 44 45 9 1 2 3 4 5 6 7 8 9 10 11 12 13 15 16 17 18 19 21 22 23 24 25 26 27 28 29 30 31 32 33 34 35 36 37 38 39 40 41 42 43 44 45 9 1 2 3 4 5 6 7 8 9 10 11 12 13 15 16 17 18 19 20 22 23 24 25 26 27 28 29 30 31 32 33 34 35 36 37 38 39 40 41 42 43 44 45]] [:append 9 46]], :time 1870054424, :process 1, :index 168}
  T11 = {:type :ok, :f :txn, :value [[:append 6 13] [:r 8 [1 2 3 4 5 6 7 8 9 10 11 12 13 14 15 16 17 18 19 20 22 23 24 25 26 27 28 29 30 8 1 2 3 4 5 6 7 8 9 10 11 12 13 14 15 16 17 18 19 21 22 23 24 25 26 27 28 29 30]]], :time 1873044829, :process 0, :index 170}

Then:
  - T1 < T2, because T1 did not observe T2's append of 14 to 6.
  - T2 < T3, because T3 observed T2's append of 40 to key 8.
  - T3 < T4, because T4 appended 74 after T3 appended 80 to 9.
  - T4 < T5, because T5 appended 75 after T4 appended 74 to 9.
  - T5 < T6, because T6 appended 68 after T5 appended 75 to 9.
  - T6 < T7, because T7 appended 13 after T6 appended 68 to 9.
  - T7 < T8, because T8 appended 21 after T7 appended 13 to 9.
  - T8 < T9, because T9 observed T8's append of 1 to key 4.
  - T9 < T10, because T10 appended 12 after T9 appended 11 to 6.
  - T10 < T11, because T11 appended 13 after T10 appended 12 to 6.
  - However, T11 < T1, because T1 observed T11's append of 13 to key 6: a contradiction!